268
3949
4078
36999
37210
37250
37409
37556
37567
37585
37605
37648
37656
37852
37956
38035
38042
38078
38081
38084
38093
38096
38097
38143
38183
38223
38261
38298
38392
38578
38581
38606
38609
38611
38636
38714
38721
38838
38961
38987
38996
39048
39069
39140
39179
39198
39237
39261
39286
39299
39358
39362
39372
39375
39385
39505
39538
39606
39655
39661
39674
39748
39752
39770
39772
39775
39792
39813
39818
39876
39906
39917
39923
39946
39949
39959
39960
39975
39979
39985
40003
40039
40060
40064
40086
40109
40167
40180
40248
40286
40287
40288
40310
40322
40381
40411
40414
40441
40452
40467
40486
40585
40678
40685
40732
40761
40846
40913
40942
40991
41035
41067
41126
41164
41174
41204
41221
41282
41325
41387
41398
41452
41468
41475
41511
41607
41623
41626
41643
41647
41655
41659
41660
41661
41667
41676
41684
41715
41720
41773
41821
41837
41844
41857
41865
41868
41869
41896
41901
41922
42010
42042
42051
42084
42093
42096
42156
42158
42169
42181
42203
42232
42250
42261
42274
42277
42280
42338
42363
42367
42400
42418
42450
42455
42465
42470
42510
42555
42574
42575
42600
42633
42658
42662
42671
42682
42727
42766
42775
42798
42801
42868
42880
42896
43019
43060
43158
43379
43388
43400
43411
43430
43465
43471
43473
43535
43553
43642
43666
43669
43687
43707
43725
43752
43762
43790
43798
43811
43812
43815
43825
43866
43912
43928
43929
43997
44000
44109
44111
44135
44158
44168
44261
44283
44293
44297
44332
44370
44403
44405
44439
44448
44526
44571
44572
44657
44696
44718
44720
44821
44840
44852
44859
44923
45054
45064
45079
45091
45132
45152
45182
45212
45220
45233
45297
45324
45393
45507
45534
45548
45643
45668
45714
45717
45742
45754
45785
45815
45907
45949
46030
46096
46108
46115
46120
46122
46138
46187
46188
46261
46311
46403
46406
46431
46437
46441
46445
46499
46501
46504
46517
46527
46528
46532
46535
46539
46553
46554
46558
46566
46569
46571
46574
46576
46579
46582
46583
46601
46602
46603
46604
46605
46607
46612
46613
46615
46621
46649
46659
46663
46664
46667
46669
46678
46680
46681
46682
46684
46685
46686
46688
46689
46690
46730
46744
46745
46746
46808
46838
46843
46844
46845
46847
46849
46850
46852
46853
46854
46855
46856
46857
46858
46876
46893
46924
46957
46992
46999
47000
47001
47064
47069
47075
47086
47088
47089
47090
47092
47093
47094
47096
47101
47102
47103
47104
47105
47106
47108
47109
47110
47111
47114
47118
47169
47172
47176
47178
47180
47184
47186
47236
47272
47286
47309
47310
47312
47314
47315
47317
47319
47320
47323
47328
47334
47339
47359
47362
47366
47368
47369
47370
47371
47372
47373
47374
47375
47376
47377
47378
47379
47380
47381
47382
47383
47384
47385
47386
47387
47388
47391
47392
47396
47397
47398
47400
47405
47406
47407
47408
47409
47417
47481
47484
47504
47510
47550
47551
47552
47555
47556
47558
47561
47569
47574
47581
47582
47584
47633
47654
47690
47699
47702
47708
47736
47823
47833
47856
47860
47885
47901
47902
47905
47918
47944
47956
47959
47991
48002
48062
48099
48106
48155
48189
48192
48203
48208
48210
48240
48281
48310
48329
48350
48359
48366
48370
48385
48402
48409
48608
48643
48680
48712
49009
49095
49724
49767
49843
49846
49852
49858
49876
49904
49905
49917
49918
49933
49976
49986
49991
50199
50320
50328
50364
50366
50377
50378
50379
50380
50381
50382
50383
50384
50386
50389
50415
50416
50417
50418
50419
50422
50423
50425
50431
50432
50433
50434
50436
50440
50441
50443
50445
50452
50453
50454
50455
50464
50465
50466
50467
50468
50479
50480
50481
50482
50483
50484
50485
50488
50491
50496
50497
50498
50503
50504
50506
50507
50534
50540
50562
50578
50580
50581
50582
50583
50584
50592
50594
50595
50596
50602
50606
50607
50628
50629
50630
50631
50632
50633
50634
50635
50636
50638
50640
50641
50642
50667
50668
50670
50675
50683
50717
50721
50722
50724
50725
50727
50755
50764
50787
50789
50791
50792
50795
50828
50832
50844
50849
50851
50852
50853
50868
50875
50876
50881
50882
50884
50887
50896
50899
50900
50901
50919
50921
50922
50923
50924
50925
50926
50927
50928
50943
50944
50945
50951
50953
50960
50970
50971
50972
50973
50974
50975
50976
50979
50980
50981
50982
50994
51004
51005
51017
51024
51029
51038
51043
51044
51066
51085
51100
51119
51135
51136
51138
51141
51143
51144
51145
51146
51147
51148
51149
51150
51151
51152
51153
51154
51155
51156
51162
51163
51165
51166
51173
51175
51178
51181
51185
51186
51187
51190
51192
51193
51194
51195
51196
51212
51215
51216
51217
51218
51219
51220
51229
51239
51242
51243
51244
51250
51251
51252
51253
51254
51255
51256
51257
51258
51259
51261
51262
51263
51264
51270
51302
51315
51344
51347
51348
51349
51365
51366
51367
51369
51370
51371
51377
51378
51379
51380
51381
51383
51386
51388
51389
51395
51396
51397
51399
51408
51409
51410
51411
51412
51413
51420
51421
51429
51430
51437
51444
51445
51446
51451
51452
51458
51463
51464
51469
51474
51475
51476
51477
51478
51485
51486
51491
51492
51493
51494
51495
51496
51497
51498
51499
51502
51514
51515
51520
51521
51522
51524
51530
51531
51535
51536
51540
51546
51547
51548
51552
51555
51556
51557
51558
51559
51565
51569
51572
51573
51589
51593
51595
51597
51602
51605
51606
51608
51611
51617
51618
51619
51621
51622
51626
51627
51628
51629
51630
51631
51634
51647
51692
51693
51694
51695
51696
51710
51713
51716
51732
51739
51743
51744
51747
51748
51749
51751
51752
51753
51755
51758
51761
51762
51764
51767
51768
51769
51770
51771
51772
51773
51774
51775
51777
51792
51861
51870
51871
51874
51876
51877
51878
51882
51893
52006
52008
52010
52022
52023
52036
52043
52049
52090
52091
52092
52093
52099
52100
52101
52102
52103
52104
52105
52106
52108
52110
52112
52128
52129
52130
52131
52332
52674
52746
52908
52909
52910
52911
52912
52913
52914
52915
52920
52921
53517
54367
54368
54370
54371
54372
54373
54374
54435
54436
54494
55570
55571
55603
55687
55698
55702
55735
55736
55744
56669
56696
56902
56903
56977
57176
57183
57184
57188
57205
57206
57207
57208
57213
57214
57257
57265
57268
57276
57436
57437
57438
57439
57440
57711
57717
57718
57813
57851
57852
57853
57862
57863
57864
57899